{
   "equation_params":{
      "K":192.418,
      "lambda_p":0.6326,
      "k_pq":0.43562,
      "k_qpp":0.00001,
      "delta_qp":0.6455,
      "y_p":4.6922,
      "y_q":1.3495,
      "KDE":0.24
   },
   "initial_state":{
      "C0":0,
      "P0":4.7279,
      "Q0":48.5147,
      "Qp0":0
   }
}
